        [ 0,  1,  2,  3,  4,  5,  6,  7,  8]], device='cuda:0',
        [ 1,  1,  1,  1,  1,  1,  1,  1,  1]], device='cuda:0',
       dtype=torch.int32)
0, 0, 8, 4294967295, 4294967295
0, 1, 7, 4294967295, 4294967295
0, 10, 2, 0, 2
0, 10, 5, 4294967295, 4294967295
0, 10, 6, 4294967295, 4294967295
0, 10, 8, 4294967295, 4294967295
0, 11, 5, 4294967295, 4294967295
0, 11, 6, 4294967295, 4294967295
0, 11, 8, 4294967295, 4294967295
0, 12, 4, 0, 4
0, 12, 7, 4294967295, 4294967295
0, 12, 8, 4294967295, 4294967295
0, 13, 4, 0, 4
0, 13, 6, 4294967295, 4294967295
0, 13, 8, 4294967295, 4294967295
0, 14, 2, 0, 2
0, 14, 5, 4294967295, 4294967295
0, 14, 7, 4294967295, 4294967295
0, 15, 4, 0, 4
0, 15, 7, 4294967295, 4294967295
0, 16, 2, 0, 2
0, 16, 5, 4294967295, 4294967295
0, 17, 2, 0, 2
0, 17, 7, 4294967295, 4294967295
0, 18, 0, 0, 0
0, 18, 3, 0, 3
0, 18, 7, 4294967295, 4294967295
0, 19, 5, 4294967295, 4294967295
0, 19, 8, 4294967295, 4294967295
0, 2, 6, 4294967295, 4294967295
0, 2, 8, 4294967295, 4294967295
0, 20, 7, 4294967295, 4294967295
0, 21, 3, 0, 3
0, 21, 4, 0, 4
0, 21, 8, 4294967295, 4294967295
0, 22, 1, 0, 1
0, 22, 4, 0, 4
0, 22, 7, 4294967295, 4294967295
0, 22, 8, 4294967295, 4294967295
0, 23, 1, 0, 1
0, 23, 7, 4294967295, 4294967295
0, 23, 8, 4294967295, 4294967295
0, 24, 7, 4294967295, 4294967295
0, 25, 1, 0, 1
0, 25, 5, 4294967295, 4294967295
0, 25, 7, 4294967295, 4294967295
0, 25, 8, 4294967295, 4294967295
0, 26, 1, 0, 1
0, 26, 4, 0, 4
0, 26, 5, 4294967295, 4294967295
0, 26, 8, 4294967295, 4294967295
0, 27, 5, 4294967295, 4294967295
0, 27, 7, 4294967295, 4294967295
0, 27, 8, 4294967295, 4294967295
0, 28, 4, 0, 4
0, 28, 8, 4294967295, 4294967295
0, 29, 8, 4294967295, 4294967295
0, 30, 8, 4294967295, 4294967295
0, 31, 8, 4294967295, 4294967295
0, 4, 0, 1, 0
0, 4, 6, 4294967295, 4294967295
0, 4, 7, 1, 0
0, 5, 6, 4294967295, 4294967295
0, 5, 8, 4294967295, 4294967295
0, 6, 7, 4294967295, 4294967295
0, 6, 8, 4294967295, 4294967295
0, 7, 2, 0, 2
0, 8, 5, 4294967295, 4294967295
0, 8, 7, 4294967295, 4294967295
0, 8, 8, 4294967295, 4294967295
0, 9, 7, 4294967295, 4294967295
0, 9, 8, 4294967295, 4294967295
1, 0, 8, 1, 8
1, 10, 7, 1, 7
1, 10, 8, 1, 8
1, 11, 1, 1, 1
1, 11, 8, 1, 8
1, 12, 7, 1, 7
1, 12, 8, 1, 8
1, 13, 6, 1, 6
1, 13, 7, 1, 7
1, 13, 8, 1, 8
1, 14, 2, 1, 2
1, 15, 2, 1, 2
1, 15, 5, 1, 5
1, 15, 8, 1, 8
1, 16, 2, 1, 2
1, 17, 2, 1, 2
1, 17, 3, 1, 3
1, 17, 7, 1, 7
1, 2, 6, 1, 6
1, 2, 8, 1, 8
1, 21, 7, 1, 7
1, 22, 1, 1, 1
1, 22, 4, 1, 4
1, 23, 6, 1, 6
1, 23, 8, 1, 8
1, 24, 8, 1, 8
1, 25, 6, 1, 6
1, 25, 7, 1, 7
1, 26, 6, 1, 6
1, 26, 8, 1, 8
1, 27, 2, 1, 2
1, 27, 5, 1, 5
1, 27, 7, 1, 7
1, 27, 8, 1, 8
1, 28, 8, 1, 8
1, 29, 2, 1, 2
1, 29, 5, 1, 5
1, 29, 8, 1, 8
1, 30, 7, 1, 7
1, 31, 8, 1, 8
1, 4, 6, 1, 6
1, 6, 7, 1, 7
1, 8, 8, 1, 8
tensor([[ 0,  0,  0,  0,  0, -1, -1, -1, -1],
tensor([[ 0,  1,  2,  3,  4, -1, -1, -1, -1],
torch.Size([2, 32, 9, 128])
torch.Size([2, 32, 9, 128]) 73728 tensor(0., device='cuda:0')
